                        CANTIDAD DE ALTAS POR CONSORCIO                                                                      
                                                                                                                             
ANIO  ESTADOS                                                                                                                
     |00 |01 |02 |03 |04 |05 |06 |07 |08 |09 |30 |   |   |   |   |   |   |   |   |   |   |   |   |   |   |   |   |   |   |  |
--------------------------------------------------------------------------------                                             
2012 |   |02 |03 |   |01 |   |   |   |01 |   |   |   |   |   |   |   |   |   |   |   |   |   |   |   |   |   |   |   |   |  |
2011 |   |01 |   |   |   |   |   |   |   |   |   |   |   |   |   |   |   |   |   |   |   |   |   |   |   |   |   |   |   |  |
2013 |   |01 |   |   |   |   |   |   |01 |   |   |   |   |   |   |   |   |   |   |   |   |   |   |   |   |   |   |   |   |  |
2014 |   |01 |   |   |   |   |   |   |   |   |   |   |   |   |   |   |   |   |   |   |   |   |   |   |   |   |   |   |   |  |
2016 |   |   |   |   |   |   |   |   |   |   |   |   |   |   |   |   |   |   |   |   |   |   |   |   |   |   |   |   |   |01|
